Pinion vertices near contact:
  (-18.43213, 51.118413, 0.0)
  (-18.43213, 51.118413, 30.0)
  (18.43213, 51.118413, 0.0)
  (18.43213, 51.118413, 30.0)
  (-15.134743, 52.189799, 0.0)
  (-15.134743, 52.189799, 30.0)
  (15.134743, 52.189799, 0.0)
  (15.134743, 52.189799, 30.0)
  (-1.733539, 54.312342, 0.0)
  (-1.733539, 54.312342, 30.0)
  (1.733539, 54.312342, 0.0)
  (1.733539, 54.312342, 30.0)

Gear vertices near contact:
  (-21.757538, 45.401249, 0.0)
  (-21.757538, 45.401249, 30.0)
  (21.757538, 45.401249, 0.0)
  (21.757538, 45.401249, 30.0)
  (-25.660324, 45.770171, 0.0)
  (-25.660324, 45.770171, 30.0)
  (25.660324, 45.770171, 0.0)
  (25.660324, 45.770171, 30.0)
  (-37.474946, 47.262704, 0.0)
  (-37.474946, 47.262704, 30.0)
  (37.474946, 47.262704, 0.0)
  (37.474946, 47.262704, 30.0)
  (-41.346867, 47.875956, 0.0)
  (-41.346867, 47.875956, 30.0)
  (41.346867, 47.875956, 0.0)
  (41.346867, 47.875956, 30.0)
  (-53.044458, 50.107391, 0.0)
  (-53.044458, 50.107391, 30.0)
  (53.044458, 50.107391, 0.0)
  (53.044458, 50.107391, 30.0)
  (-56.870232, 50.962553, 0.0)
  (-56.870232, 50.962553, 30.0)
  (56.870232, 50.962553, 0.0)
  (56.870232, 50.962553, 30.0)
  (-68.404628, 53.924083, 0.0)
  (-68.404628, 53.924083, 30.0)
  (68.404628, 53.924083, 0.0)
  (68.404628, 53.924083, 30.0)
